7180263536
5364532122
2299944671
4753646798
8669801904
5447300555
6453272377
7885544984
5238039157
1622923684
5560465153
0805726856
3489444697
8706162154
4648923739
7322965892
4398163942
5795382398
8339587336
2581792666
4364916607
1579413123
4726068095
3128833258
5624564273
6690903966
2413001448
4507902774
6107901896
0938401250
5357527499
9047199246
8453165243
2264824811
8460060035
8763938965
5600252884
9634382424
5750230085
9960285525
6906670647
9773572516
9937588696
9932081561
4691237623
6635752514
5078766670
7847460038
8359255794
7329444352
9831144200
8215611568
1240137669
8171980088
3762371652
2054552710
5753487239
1341536550
2927727629
5022678187
7280294353
2376735829
7150772005
9197485729
1320023379
6431057926
9476886526
0339712804
6505234207
1696050003
0781653577
3358094011
0239361549
4523325028
9239396211
0158232420
7532755339
8057602725
4928981923
2297444615
0160595245
5211604833
7303781157
1312878016
2367906762
5702253990
6402461036
7037159671
2672209543
8595719911
9343480438
3930193521
0161112883
9996849014
2346759732
1442280567
7717398200
6469505489
1916671880
6598053547
9443022229
3054255285
3900724479
6678355662
0953618549
4229180736
7037656440
6951083264
1295810285
4931492516
5159748315
3381904723
5984902056
3944461260
3093919101
8563275218
9784245061
4737979174
1192500892
0315941195
9931304411
6735028352
2417763688
7175726807
5350092233
0676687174
0854834102
9880121242
8889771688
6337438187
4794693129
7438103857
6568481047
9397647575
6455723822
0319904945
1467670415
6466104510
3938538589
0035398259
4708491494
6225875339
6628165970
8035853032
3911052048
0639364728
8749332939
7703718923
4736470014
7790607797
1640763229
1919151469
6010531387
3089709785
4364761752
4783110859
4236335876
4916513800
9138951419
7192315346
3374195563
5369106381
2781320113
0214787800
8275624585
3756343265
5616420112
3500477738
7494636692
4034790068
2855851135
7319482539
4198602959
6710431001
0781813795
2304838742
4597890550
0518475409
6426272800
2544866935
8518906653
5160085573
4650297173
8630657425
1275298573
3118949798
3398578198
0486019348
5633496148
3012171144
0007127775
0576322185
8858571351
0532842430
0471856380
3934166281
8392267835
9025983413
2538019887
4423168900
