0 suspects
6598053547
4916513800
2544866935
7847460038
7303781157
2297444615
2264824811
9937588696
9343480438
4236335876
1 suspects
1341536550
6505234207
4708491494
0781813795
7280294353
8706162154
6469505489
6635752514
7180263536
7192315346
4597890550
5702253990
6466104510
9397647575
3756343265
3900724479
7717398200
6010531387
4229180736
9937588696
7150772005
9239396211
2417763688
4198602959
7703718923
4691237623
7885544984
9880121242
8889771688
4648923739
4783110859
4398163942
9343480438
0319904945
8858571351
6678355662
3930193521
9932081561
2413001448
7322965892
5795382398
0518475409
3358094011
0035398259
5160085573
4507902774
9773572516
4726068095
5357527499
8171980088
6455723822
2264824811
6431057926
5364532122
0953618549
0639364728
3054255285
4034790068
0158232420
6690903966
8035853032
9784245061
6628165970
8453165243
0007127775
2538019887
7037656440
4916513800
3381904723
8215611568
2297444615
5022678187
0676687174
7790607797
8359255794
5369106381
2346759732
7329444352
4364761752
8275624585
5350092233
1442280567
1696050003
2054552710
3012171144
8763938965
2672209543
5159748315
5211604833
3489444697
8392267835
9831144200
4650297173
3118949798
8518906653
3500477738
7175726807
6568481047
5600252884
3398578198
0781653577
5633496148
7847460038
3093919101
5624564273
8057602725
3128833258
9476886526
6951083264
7494636692
0471856380
8749332939
5238039157
1295810285
0160595245
8669801904
2855851135
4931492516
4753646798
6225875339
6337438187
4364916607
4423168900
5753487239
6426272800
9025983413
0486019348
5560465153
6598053547
4236335876
1622923684
5750230085
1579413123
0315941195
3089709785
7319482539
4794693129
4523325028
3934166281
1192500892
1320023379
1916671880
9931304411
9443022229
6735028352
5447300555
0214787800
2304838742
1240137669
0805726856
6906670647
6107901896
0161112883
9197485729
5078766670
8630657425
2376735829
0532842430
0854834102
1467670415
1275298573
9960285525
9047199246
5984902056
2927727629
7037159671
3911052048
3938538589
4928981923
8460060035
2581792666
4737979174
9996849014
7438103857
3944461260
6710431001
7532755339
1640763229
1312878016
3374195563
2367906762
3762371652
2299944671
0938401250
9138951419
8595719911
8339587336
6453272377
7303781157
4736470014
2544866935
8563275218
0576322185
1919151469
6402461036
5616420112
2781320113
0339712804
9634382424
0239361549
2 suspects
1341536550
6505234207
4708491494
8706162154
7280294353
0781813795
6469505489
6635752514
7180263536
7192315346
4597890550
5702253990
6466104510
9397647575
3756343265
3900724479
6010531387
7717398200
4229180736
9937588696
7150772005
9239396211
2417763688
4198602959
7703718923
4691237623
7885544984
9880121242
8889771688
4648923739
4783110859
4398163942
9343480438
0319904945
3930193521
6678355662
8858571351
0518475409
9932081561
4794693129
7322965892
5795382398
3358094011
2413001448
0035398259
4507902774
5160085573
9773572516
4726068095
5357527499
8171980088
6455723822
6431057926
2264824811
5364532122
0953618549
0639364728
3054255285
4034790068
6690903966
0158232420
8035853032
7037656440
6628165970
9784245061
0007127775
2538019887
8453165243
4916513800
3381904723
8215611568
2297444615
5022678187
0676687174
7790607797
8359255794
5369106381
2346759732
8275624585
7329444352
4364761752
5350092233
1442280567
1696050003
2054552710
3012171144
8763938965
2672209543
5159748315
5211604833
3489444697
8392267835
9831144200
4650297173
3118949798
8518906653
3500477738
3398578198
3093919101
6568481047
0781653577
5600252884
5633496148
7847460038
7175726807
5624564273
8057602725
3128833258
9476886526
6951083264
7494636692
0471856380
8749332939
5238039157
1295810285
0160595245
8669801904
2855851135
4931492516
4753646798
6225875339
6337438187
4364916607
4423168900
5753487239
6426272800
0486019348
9025983413
5560465153
6598053547
4236335876
1622923684
5750230085
1579413123
0315941195
3089709785
7319482539
4523325028
3934166281
1192500892
1320023379
1916671880
9931304411
9443022229
6735028352
5447300555
0214787800
1240137669
2304838742
0805726856
6906670647
6107901896
0161112883
9197485729
2376735829
8630657425
5078766670
9960285525
5984902056
0854834102
0532842430
9047199246
1467670415
1275298573
2927727629
7037159671
3938538589
3911052048
4928981923
8460060035
2581792666
4737979174
9996849014
7438103857
3944461260
6710431001
7532755339
1640763229
1312878016
3374195563
2367906762
3762371652
2299944671
0938401250
9138951419
8595719911
8339587336
7303781157
6453272377
4736470014
2544866935
8563275218
0576322185
1919151469
6402461036
5616420112
2781320113
0339712804
9634382424
0239361549
3 suspects
1341536550
6505234207
4708491494
8706162154
7280294353
0781813795
6469505489
6635752514
7180263536
7192315346
4597890550
5702253990
6466104510
9397647575
3756343265
3900724479
6010531387
7717398200
4229180736
9937588696
7150772005
9239396211
2417763688
4198602959
7703718923
4691237623
7885544984
9880121242
8889771688
4648923739
4783110859
4398163942
9343480438
0319904945
3930193521
6678355662
8858571351
0518475409
9932081561
4794693129
7322965892
5795382398
3358094011
2413001448
0035398259
4507902774
5160085573
9773572516
4726068095
5357527499
8171980088
6455723822
6431057926
2264824811
5364532122
0953618549
0639364728
3054255285
4034790068
6690903966
0158232420
8035853032
7037656440
6628165970
9784245061
0007127775
2538019887
8453165243
4916513800
3381904723
8215611568
2297444615
5022678187
0676687174
7790607797
8359255794
5369106381
2346759732
8275624585
7329444352
4364761752
5350092233
1442280567
1696050003
2054552710
3012171144
8763938965
2672209543
5159748315
5211604833
3489444697
8392267835
9831144200
4650297173
3118949798
8518906653
3500477738
3398578198
3093919101
6568481047
0781653577
5600252884
5633496148
7847460038
7175726807
5624564273
8057602725
3128833258
9476886526
6951083264
7494636692
0471856380
8749332939
5238039157
1295810285
0160595245
8669801904
2855851135
4931492516
4753646798
6225875339
6337438187
4364916607
4423168900
5753487239
6426272800
0486019348
9025983413
5560465153
6598053547
4236335876
1622923684
5750230085
1579413123
0315941195
3089709785
7319482539
4523325028
3934166281
1192500892
1320023379
1916671880
9931304411
9443022229
6735028352
5447300555
0214787800
1240137669
2304838742
0805726856
6906670647
6107901896
0161112883
9197485729
2376735829
8630657425
5078766670
9960285525
5984902056
0854834102
0532842430
9047199246
1467670415
1275298573
2927727629
7037159671
3938538589
3911052048
4928981923
8460060035
2581792666
4737979174
9996849014
7438103857
3944461260
6710431001
7532755339
1640763229
1312878016
3374195563
2367906762
3762371652
2299944671
0938401250
9138951419
8595719911
8339587336
7303781157
6453272377
4736470014
2544866935
8563275218
0576322185
1919151469
6402461036
5616420112
2781320113
0339712804
9634382424
0239361549
